"ltable_id"|"rtable_id"|"label"
"1"|141|2211|0
"2"|1074|1849|0
"3"|1367|1815|1
"4"|933|1153|0
"5"|2282|306|0
"6"|1471|1182|0
"7"|2129|583|0
"8"|634|485|1
"9"|1788|1035|0
"10"|1803|705|1
"11"|233|1557|1
"12"|593|991|0
"13"|968|526|0
"14"|1325|743|0
"15"|1879|445|0
"16"|725|1912|0
"17"|1010|120|0
"18"|325|1179|0
"19"|1723|1336|1
"20"|525|1675|0
"21"|106|785|1
"22"|1480|48|0
"23"|1968|688|0
"24"|1304|1182|0
"25"|2510|865|0
"26"|1617|739|0
"27"|1832|1772|0
"28"|1906|108|0
"29"|1872|1155|0
"30"|538|215|0
"31"|1285|1675|0
"32"|2224|986|0
"33"|1067|1643|0
"34"|1466|1444|1
"35"|333|62|0
"36"|658|636|1
"37"|1646|1463|0
"38"|78|1396|0
"39"|2559|1885|0
"40"|6|696|0
"41"|893|121|0
"42"|1089|1097|0
"43"|1213|1121|0
"44"|783|2261|0
"45"|542|1097|0
"46"|1133|2047|0
"47"|363|2279|0
"48"|395|2165|1
"49"|1950|810|0
"50"|1247|1100|0
"51"|301|1954|0
"52"|2181|2069|0
"53"|366|274|0
"54"|805|1675|0
"55"|757|849|1
"56"|1914|649|0
"57"|1365|1896|0
"58"|1641|1120|1
"59"|2520|1795|0
"60"|2008|2243|0
"61"|2504|7|0
"62"|2509|342|0
"63"|616|1402|0
"64"|1091|1542|0
"65"|1933|171|0
"66"|1788|78|0
"67"|2550|1178|0
"68"|1445|980|0
"69"|361|46|0
"70"|2232|1976|0
"71"|1843|106|0
"72"|611|2092|1
"73"|746|688|0
"74"|1064|441|0
"75"|2071|627|1
"76"|361|1645|0
"77"|1177|17|0
"78"|179|670|0
"79"|1753|103|0
"80"|1486|917|0
"81"|1920|644|0
"82"|1168|1273|0
"83"|77|463|0
"84"|1107|1535|0
"85"|690|171|0
"86"|1128|56|0
"87"|944|680|1
"88"|839|1459|0
"89"|2565|2039|1
"90"|122|1752|0
"91"|163|715|0
"92"|485|1052|0
"93"|2268|646|0
"94"|452|1873|0
"95"|1329|1675|0
"96"|1728|999|1
"97"|2295|1914|1
"98"|1542|591|0
"99"|478|2059|1
"100"|229|1676|0
"101"|482|109|0
"102"|1646|1885|0
"103"|2185|1511|0
"104"|2571|1472|0
"105"|757|67|0
"106"|1441|1618|1
"107"|1834|220|0
"108"|1390|1794|0
"109"|125|272|1
"110"|2209|1586|0
"111"|2288|1075|0
"112"|988|1863|0
"113"|2490|1033|1
"114"|135|305|0
"115"|1248|778|0
"116"|2091|1583|0
"117"|440|1902|0
"118"|2024|425|1
"119"|1218|2255|0
"120"|609|1472|0
"121"|26|1431|1
"122"|2183|1317|0
"123"|1452|619|0
"124"|716|2278|0
"125"|427|1649|0
"126"|252|1560|0
"127"|823|459|0
"128"|1724|1763|1
"129"|1540|2259|0
"130"|1505|88|0
"131"|2261|1145|0
"132"|1848|599|0
"133"|978|176|0
"134"|1891|942|0
"135"|2402|87|0
"136"|1181|2109|0
"137"|778|594|0
"138"|2561|1016|0
"139"|1217|368|0
"140"|2550|2184|0
"141"|992|940|0
"142"|827|1162|0
"143"|2315|998|0
"144"|2008|1630|0
"145"|1255|368|0
"146"|2114|1369|0
"147"|1531|817|0
"148"|690|1898|0
"149"|917|789|0
"150"|379|214|1
"151"|1580|1253|1
"152"|1829|577|1
"153"|2275|1522|0
"154"|2132|247|0
"155"|2208|1586|0
"156"|1304|1125|0
"157"|2176|490|1
"158"|661|1262|0
"159"|1138|1074|0
"160"|1646|1179|0
"161"|65|39|1
"162"|834|622|0
"163"|200|1348|0
"164"|1689|428|0
"165"|973|2261|0
"166"|78|1577|0
"167"|2553|1397|0
"168"|742|639|0
"169"|1201|1123|1
"170"|2224|268|0
"171"|2036|2175|0
"172"|838|1600|0
"173"|639|1205|0
"174"|856|855|1
"175"|1173|883|0
"176"|1786|100|1
"177"|1926|1084|0
"178"|102|2163|1
"179"|2452|1827|0
"180"|162|1675|0
"181"|778|688|0
"182"|661|473|0
"183"|1727|1666|0
"184"|1330|2117|0
"185"|2086|14|1
"186"|469|1521|0
"187"|2296|171|0
"188"|1172|321|1
"189"|287|1630|0
"190"|2183|225|0
"191"|1972|220|0
"192"|457|2179|0
"193"|2129|1614|0
"194"|1198|2093|1
"195"|392|1127|0
"196"|1655|1667|0
"197"|799|339|0
"198"|2462|811|0
"199"|1310|340|0
"200"|545|1458|0
"201"|341|1667|0
"202"|1107|755|0
"203"|1481|268|0
"204"|577|585|0
"205"|1450|903|0
"206"|1789|1306|1
"207"|2550|917|0
"208"|653|526|0
"209"|1914|527|0
"210"|144|37|0
"211"|1385|1823|0
"212"|1565|135|1
"213"|141|104|0
"214"|2062|535|0
"215"|1376|623|0
"216"|1649|494|1
"217"|15|1132|1
"218"|7|1915|0
"219"|1163|855|0
"220"|2378|1028|1
"221"|1550|2185|1
"222"|1380|512|0
"223"|927|268|0
"224"|2520|215|0
"225"|904|388|0
"226"|9|171|0
"227"|2215|701|1
"228"|597|1527|0
"229"|2272|1921|0
"230"|973|1534|0
"231"|1745|594|0
"232"|359|649|0
"233"|1361|1906|1
"234"|1595|644|0
"235"|1482|1478|0
"236"|1457|768|0
"237"|863|1571|0
"238"|2046|489|0
"239"|1381|330|0
"240"|2596|1691|0
"241"|2517|1674|1
"242"|1069|134|0
"243"|1985|1983|1
"244"|644|777|0
"245"|272|293|0
"246"|455|1150|0
"247"|2177|1817|1
"248"|823|1715|0
"249"|2450|943|0
"250"|2381|1676|0
"251"|387|564|0
"252"|335|942|0
"253"|1473|1291|1
"254"|1365|1614|0
"255"|2049|838|1
"256"|2175|356|0
"257"|1423|2023|0
"258"|1660|72|1
"259"|162|1622|0
"260"|2186|828|1
"261"|1042|1638|1
"262"|2383|1526|0
"263"|1879|2155|0
"264"|755|1463|0
"265"|2152|1166|1
"266"|1692|1596|1
"267"|1528|979|1
"268"|1706|753|0
"269"|863|1771|0
"270"|1291|316|0
"271"|2578|947|0
"272"|538|1108|0
"273"|1811|1121|0
"274"|2444|1052|0
"275"|542|1787|0
"276"|479|1208|1
"277"|1819|1834|1
"278"|1639|546|0
"279"|1152|1857|0
"280"|45|1674|0
"281"|682|1218|1
"282"|1887|1315|0
"283"|2558|755|0
"284"|491|295|0
"285"|2540|591|0
"286"|1340|1228|1
"287"|1086|534|0
"288"|745|1796|1
"289"|1304|848|0
"290"|1808|205|0
"291"|1615|142|1
"292"|2614|542|0
"293"|1524|343|0
"294"|444|1527|0
"295"|692|1915|0
"296"|2040|1976|0
"297"|740|2273|0
"298"|2424|616|0
"299"|311|542|0
"300"|1703|729|1
"301"|1517|1751|0
"302"|2561|879|0
"303"|974|395|1
"304"|706|528|0
"305"|233|385|0
"306"|1542|1998|0
"307"|2457|2058|0
"308"|1671|2152|0
"309"|2402|1898|0
"310"|2020|1379|1
"311"|1471|1983|0
"312"|695|1912|0
"313"|1632|1858|1
"314"|5|780|0
"315"|2551|921|0
"316"|2233|1306|0
"317"|660|2249|1
"318"|45|413|1
"319"|561|139|0
"320"|3|1205|0
"321"|975|1848|0
"322"|2407|113|1
"323"|2567|503|1
"324"|839|1114|0
"325"|2251|78|0
"326"|1248|1484|0
"327"|1772|1207|1
"328"|743|1588|0
"329"|1215|1828|0
"330"|1116|1976|0
"331"|171|1130|1
"332"|1163|1799|0
"333"|1784|1505|0
"334"|2404|1317|0
"335"|1686|2010|0
"336"|1142|1864|0
"337"|1949|205|0
"338"|1835|1979|0
"339"|1016|1254|0
"340"|1664|2201|0
"341"|1339|1413|0
"342"|2410|720|0
"343"|1991|2190|1
"344"|1857|2044|0
"345"|1741|1877|0
"346"|1237|947|0
"347"|1674|1531|0
"348"|542|1912|0
"349"|245|2019|0
"350"|3|2276|0
"351"|145|1150|0
"352"|876|1549|1
"353"|183|576|0
"354"|2113|391|1
"355"|1675|590|0
"356"|2075|1026|0
"357"|391|1472|0
"358"|314|162|0
"359"|561|1276|0
"360"|254|2169|0
"361"|356|1947|0
"362"|718|1186|0
"363"|1107|578|0
"364"|34|789|0
"365"|1111|614|0
"366"|863|680|0
"367"|1233|412|0
"368"|1690|1063|0
"369"|2162|1947|0
"370"|526|1957|0
"371"|2581|195|0
"372"|146|159|0
"373"|206|246|1
"374"|1924|1141|1
"375"|206|1665|0
"376"|923|821|1
"377"|2096|1448|0
"378"|351|312|0
"379"|515|1393|0
"380"|30|1048|0
"381"|1540|385|0
"382"|1173|1471|0
"383"|2414|1508|1
"384"|427|1909|0
"385"|907|546|0
"386"|829|881|0
"387"|2402|152|0
"388"|215|1777|1
"389"|2096|1472|1
"390"|2587|796|0
"391"|2354|813|0
"392"|289|1866|0
"393"|1852|1162|0
"394"|449|293|0
"395"|301|1797|0
"396"|1287|447|0
"397"|1752|956|0
"398"|945|451|0
"399"|87|2105|1
"400"|2364|1989|0
"401"|1655|1233|0
"402"|542|1915|0
"403"|2340|1068|1
"404"|1032|968|1
"405"|1279|1988|0
"406"|895|26|1
"407"|1751|804|0
"408"|1839|825|0
"409"|1149|1033|0
"410"|470|998|0
"411"|19|1409|1
"412"|2269|1365|1
"413"|446|545|1
"414"|1892|1870|0
"415"|595|1267|0
"416"|803|566|0
"417"|1915|1156|0
"418"|1944|204|0
"419"|565|1076|1
"420"|2524|388|0
"421"|892|2261|0
"422"|1664|207|0
"423"|1705|1272|0
"424"|2150|207|0
"425"|2096|246|0
"426"|2360|1886|1
"427"|210|912|0
"428"|1183|1057|0
"429"|563|1632|0
"430"|1839|2024|0
"431"|2108|949|0
"432"|1922|2172|1
"433"|304|927|0
"434"|857|1290|1
"435"|1496|1459|0
"436"|802|917|0
"437"|1968|1649|0
"438"|1664|2044|0
"439"|1355|1746|1
"440"|607|13|1
"441"|1312|1064|0
"442"|2342|1384|0
"443"|2363|1559|1
"444"|2209|2182|0
"445"|2547|507|0
"446"|291|2087|0
"447"|463|1367|0
"448"|692|1787|0
"449"|994|308|0
"450"|379|2024|0
"451"|1376|1888|0
"452"|1914|546|0
"453"|2178|372|1
"454"|838|1522|0
"455"|973|1122|0
"456"|428|1393|0
"457"|1333|354|1
"458"|1173|448|0
"459"|1985|1125|0
"460"|1361|1909|0
"461"|1530|279|0
"462"|1711|1319|0
"463"|899|1900|0
"464"|1759|2108|0
"465"|1704|836|0
"466"|471|343|0
"467"|2147|1929|0
"468"|639|591|0
"469"|2155|462|1
"470"|118|225|0
"471"|2381|212|1
"472"|2287|451|0
"473"|915|482|1
"474"|145|1827|0
"475"|1539|2193|1
"476"|1565|1520|0
"477"|1963|2191|0
"478"|256|222|0
"479"|860|47|0
"480"|1134|410|0
"481"|1819|581|0
"482"|1817|1053|0
"483"|162|1052|0
"484"|1159|48|0
"485"|1021|1244|0
"486"|2497|1463|0
"487"|2101|1205|0
"488"|1015|1601|1
"489"|269|1063|0
"490"|2138|677|0
"491"|353|1848|0
"492"|136|550|1
"493"|2402|2110|0
"494"|2084|1619|1
"495"|237|2215|0
"496"|1217|1|0
"497"|561|2247|0
"498"|576|1587|0
"499"|1468|196|0
"500"|2008|1521|0
"501"|1360|1787|0
"502"|1158|174|0
"503"|2013|1989|0
"504"|1174|759|0
"505"|485|1750|0
"506"|509|403|1
"507"|727|1786|0
"508"|208|1018|1
"509"|2308|1462|0
"510"|1300|1975|0
"511"|2273|1271|0
"512"|628|199|0
"513"|1318|1031|0
"514"|557|588|0
"515"|948|36|0
"516"|143|1512|0
"517"|2163|659|0
"518"|829|1001|1
"519"|468|1962|0
"520"|1180|2117|0
"521"|158|313|0
"522"|1468|817|0
"523"|2556|1657|1
"524"|1380|668|0
"525"|229|1535|0
"526"|786|1619|0
"527"|915|1773|0
"528"|838|1939|0
"529"|1729|1407|0
"530"|2190|868|1
"531"|575|547|0
"532"|1459|591|0
"533"|856|127|0
"534"|1365|1873|1
"535"|335|202|1
"536"|2108|176|0
"537"|1071|1891|0
"538"|644|1983|0
"539"|135|1259|0
"540"|1867|185|0
"541"|195|888|1
"542"|1798|2182|1
"543"|82|300|0
"544"|397|1963|0
"545"|1278|48|0
"546"|1503|1967|1
"547"|1177|1292|1
"548"|964|1440|0
"549"|36|1074|0
"550"|59|916|1
"551"|952|1044|0
"552"|1453|585|0
"553"|509|16|0
"554"|791|1226|0
"555"|1899|2202|0
"556"|82|202|0
"557"|635|1900|0
"558"|1593|2021|1
"559"|2391|649|0
"560"|400|283|0
"561"|648|1247|0
"562"|1745|48|0
"563"|647|1767|1
"564"|1437|721|1
"565"|1201|1667|0
"566"|6|1844|0
"567"|667|323|0
"568"|1395|1632|1
"569"|2348|1636|1
"570"|1868|1393|0
"571"|2488|62|0
"572"|1598|1079|0
"573"|1103|1829|0
"574"|31|862|0
"575"|1639|526|0
"576"|692|1035|0
"577"|1020|562|0
"578"|316|1650|0
"579"|2149|1640|0
"580"|2393|1690|1
"581"|1233|2040|0
"582"|1918|1709|0
"583"|1439|1992|0
"584"|1206|780|0
"585"|39|93|0
"586"|2025|2086|0
"587"|287|894|0
"588"|998|646|0
"589"|2254|1554|0
"590"|118|1236|0
"591"|703|1924|0
"592"|1646|2107|0
"593"|919|1825|0
"594"|291|1751|0
"595"|1496|1873|0
"596"|1011|1909|0
"597"|1805|676|0
"598"|2583|668|0
"599"|630|1217|0
"600"|1384|959|0
"601"|2207|846|0
"602"|1481|2110|0
"603"|2313|1068|0
"604"|2014|1673|0
"605"|183|1609|0
"606"|341|2269|0
"607"|542|1058|0
"608"|1428|1042|0
"609"|1662|4|0
"610"|2123|4|0
"611"|1799|2261|0
"612"|933|782|0
"613"|985|2171|0
"614"|639|1419|0
"615"|1617|452|0
"616"|1071|768|0
"617"|78|1667|1
"618"|1812|790|0
"619"|1369|599|0
"620"|1489|1640|0
"621"|1808|601|0
"622"|1578|2001|1
"623"|2246|1108|1
"624"|267|591|0
"625"|1471|894|0
"626"|356|10|0
"627"|835|1020|0
"628"|989|1809|1
"629"|316|2019|0
"630"|1533|1342|0
"631"|2384|2078|0
"632"|2369|949|0
"633"|1576|1884|0
"634"|131|650|0
"635"|57|1772|0
"636"|1753|220|0
"637"|2164|260|0
"638"|1346|1918|1
"639"|434|675|1
"640"|127|34|1
"641"|1370|535|0
"642"|1510|1443|0
"643"|1943|515|0
"644"|1831|1214|0
"645"|1821|1399|0
"646"|348|1274|0
"647"|1980|1751|0
"648"|2290|1772|0
"649"|359|226|0
"650"|50|1909|0
"651"|1489|1230|0
"652"|2211|342|0
"653"|2302|1915|0
"654"|1969|950|0
"655"|2108|1715|0
"656"|1950|2075|0
"657"|1208|275|1
"658"|2182|980|0
"659"|2350|253|1
"660"|1530|833|0
"661"|1260|343|0
"662"|827|1353|0
"663"|2188|1471|0
"664"|1117|1921|0
"665"|2098|1123|0
"666"|2182|141|0
"667"|141|207|0
"668"|542|1217|0
"669"|1098|1881|0
"670"|1090|628|0
"671"|444|1522|0
"672"|953|2019|0
"673"|470|1829|0
"674"|2206|2014|0
"675"|2160|1614|0
"676"|2520|1790|0
"677"|2272|1026|0
"678"|1797|690|1
"679"|63|601|0
"680"|444|179|0
"681"|973|1664|0
"682"|1672|122|1
"683"|1624|518|0
"684"|2497|1317|0
"685"|373|591|0
"686"|2384|1640|0
"687"|1854|992|1
"688"|1521|1398|1
"689"|644|591|1
"690"|2538|2115|0
"691"|1071|1002|0
"692"|1610|964|0
"693"|1705|1189|0
"694"|1294|1134|1
"695"|2497|777|0
"696"|661|835|0
"697"|22|1667|0
"698"|320|933|0
"699"|198|110|0
"700"|1196|1376|0
"701"|393|1194|0
"702"|2415|823|0
"703"|775|2234|0
"704"|312|902|0
"705"|1843|1161|0
"706"|123|1969|0
"707"|301|1270|0
"708"|1107|1318|0
"709"|869|734|1
"710"|805|1899|0
"711"|1315|244|1
"712"|371|1863|1
"713"|1359|1125|0
"714"|848|74|0
"715"|1694|585|0
"716"|1369|2133|0
"717"|2144|2064|0
"718"|2248|1745|0
"719"|1400|811|0
"720"|287|1976|0
"721"|1397|1239|0
"722"|364|1268|1
"723"|1225|1292|0
"724"|1608|1128|1
"725"|2504|1583|0
"726"|1102|1495|0
"727"|948|60|0
"728"|1578|1652|0
"729"|1439|971|0
"730"|134|699|1
"731"|2058|414|0
"732"|1538|1987|0
"733"|2308|365|0
"734"|814|106|0
"735"|146|1088|0
"736"|1539|1235|0
"737"|1840|1234|0
"738"|2019|1750|0
"739"|2183|1205|0
"740"|631|1001|0
"741"|1127|534|0
"742"|2211|343|0
"743"|175|759|0
"744"|2421|1183|0
"745"|818|1519|1
"746"|2392|1912|0
"747"|2025|1242|1
"748"|747|1799|0
"749"|2558|1459|0
"750"|1598|210|0
"751"|1865|2068|0
"752"|2317|2061|1
"753"|932|1992|0
"754"|1287|1951|0
"755"|2359|85|0
"756"|341|87|0
"757"|1380|599|0
"758"|538|1812|0
"759"|2443|1102|0
"760"|1138|1130|0
"761"|256|1462|0
"762"|834|261|0
"763"|1211|1097|0
"764"|726|564|0
"765"|2409|1434|0
"766"|179|85|0
"767"|2270|1961|0
"768"|988|949|1
"769"|245|1317|0
"770"|2138|2111|1
"771"|384|1679|0
"772"|2313|328|0
"773"|2392|585|0
"774"|2173|1901|0
"775"|231|1397|1
"776"|732|994|0
"777"|1471|1630|0
"778"|5|2034|0
"779"|2179|2243|0
"780"|2415|624|0
"781"|973|1317|0
"782"|931|1542|0
"783"|1355|323|0
"784"|1044|1790|0
"785"|1466|171|0
"786"|916|754|0
"787"|356|1207|0
"788"|1179|1562|1
"789"|1576|1915|0
"790"|1820|1653|1
"791"|2601|334|0
"792"|9|262|0
"793"|688|1758|0
"794"|2311|255|0
"795"|206|1490|0
"796"|823|580|0
"797"|687|782|0
"798"|1623|1275|1
"799"|209|1189|0
"800"|2371|343|1
"801"|2523|2261|0
"802"|1605|2240|0
"803"|427|902|1
"804"|1088|873|0
"805"|1355|1846|0
"806"|1545|1888|1
"807"|2270|1785|0
"808"|2116|900|1
"809"|903|441|0
"810"|628|1186|0
"811"|196|268|0
"812"|287|1761|0
"813"|1546|2240|0
"814"|2147|1839|0
"815"|466|849|0
"816"|1765|473|0
"817"|769|348|0
"818"|922|1316|1
"819"|1257|955|0
"820"|503|1339|1
"821"|1108|1052|0
"822"|994|1097|0
"823"|2487|2037|0
"824"|78|1862|0
"825"|1445|792|0
"826"|2183|1419|0
"827"|2154|1162|1
"828"|2371|1686|0
"829"|658|1769|0
"830"|135|1299|0
"831"|1154|1883|0
"832"|1347|1236|0
"833"|1238|731|1
"834"|2406|198|0
"835"|1943|565|0
"836"|2610|767|0
"837"|2504|1775|0
"838"|2095|207|0
"839"|1658|1044|0
"840"|437|1610|0
"841"|1546|1698|0
"842"|644|1159|0
"843"|100|1058|1
"844"|683|1029|0
"845"|1034|1217|0
"846"|131|649|0
"847"|450|589|0
"848"|676|1936|1
"849"|1555|947|1
"850"|2277|695|0
"851"|69|225|0
"852"|2375|1515|0
"853"|320|1195|0
"854"|1985|1976|0
"855"|501|768|0
"856"|816|2155|0
"857"|1645|564|1
"858"|632|200|1
"859"|933|1883|1
"860"|933|694|0
"861"|1798|1506|0
"862"|2224|1872|0
"863"|2517|413|0
"864"|2402|262|0
"865"|2610|562|0
"866"|525|1233|0
"867"|325|1871|0
"868"|1459|1630|0
"869"|783|346|0
"870"|2074|578|1
"871"|2277|195|0
"872"|2596|2126|0
"873"|1568|1587|1
"874"|1234|576|0
"875"|713|26|0
"876"|2540|1317|0
"877"|1247|1458|1
"878"|1942|597|0
"879"|1848|2129|0
"880"|1540|2286|0
"881"|341|262|0
"882"|1989|2128|0
"883"|1829|1179|0
"884"|746|1758|0
"885"|1517|48|0
"886"|2450|1138|0
"887"|233|1924|0
"888"|510|1321|0
"889"|838|588|0
"890"|2369|778|0
"891"|1706|1301|0
"892"|1798|539|0
"893"|1357|1950|1
"894"|1920|1782|0
"895"|1498|379|0
"896"|371|949|0
"897"|1695|21|1
"898"|231|540|0
"899"|863|1951|0
"900"|162|1522|0
"901"|1986|85|0
"902"|1927|1891|0
"903"|1141|149|1
"904"|273|2285|0
"905"|444|1900|0
"906"|729|1159|0
"907"|2289|66|0
"908"|2488|688|0
"909"|2394|1356|0
"910"|2508|668|0
"911"|143|1719|0
"912"|1533|695|0
"913"|1531|940|0
"914"|2497|894|0
"915"|839|1873|0
"916"|1256|1357|1
"917"|2431|1916|1
"918"|919|1613|0
"919"|2017|420|0
"920"|1836|1075|0
"921"|988|1884|0
"922"|973|591|0
"923"|1018|2151|0
"924"|127|2218|0
"925"|1671|228|0
"926"|1021|1872|0
"927"|1706|1046|0
"928"|968|551|1
"929"|1576|1236|0
"930"|2091|93|0
"931"|653|649|0
"932"|2470|533|0
"933"|82|1041|0
"934"|1196|373|0
"935"|1181|70|0
"936"|515|118|0
"937"|2175|720|0
"938"|286|548|1
"939"|783|1447|0
"940"|2128|2016|1
"941"|1467|858|0
"942"|1546|171|0
"943"|2552|2207|0
"944"|705|513|1
"945"|2540|1125|0
"946"|786|720|1
"947"|215|964|0
"948"|569|130|1
"949"|1229|347|0
"950"|885|1579|0
"951"|2524|1542|1
"952"|237|1833|0
"953"|1883|2266|0
"954"|1577|638|0
"955"|1187|1046|0
"956"|2351|1765|0
"957"|622|15|1
"958"|2266|793|0
"959"|872|1781|0
"960"|1835|205|0
"961"|1798|1041|0
"962"|1296|1694|0
"963"|900|810|0
"964"|1310|243|0
"965"|162|1947|0
"966"|353|1548|0
"967"|1977|2245|0
"968"|1593|431|0
"969"|78|1939|0
"970"|2125|879|0
"971"|695|476|0
"972"|1664|1719|0
"973"|674|510|0
"974"|548|865|0
"975"|510|2097|1
"976"|138|111|1
"977"|545|428|0
"978"|1631|104|1
"979"|1344|792|1
"980"|2402|1881|0
"981"|791|1962|0
"982"|924|147|0
"983"|2149|431|0
"984"|378|1976|0
"985"|2209|220|0
"986"|1329|1233|0
"987"|24|447|0
"988"|69|1317|0
"989"|2341|1009|0
"990"|1347|952|1
"991"|433|1772|0
"992"|1782|202|0
"993"|998|2017|0
"994"|2089|934|1
"995"|1812|1353|0
"996"|1217|1340|1
"997"|921|379|0
"998"|2|1084|0
"999"|2092|2054|1
"1000"|341|589|0
"1001"|11|2240|0
"1002"|599|1816|0
"1003"|653|650|0
"1004"|2232|1868|0
"1005"|209|1178|0
"1006"|1741|220|0
"1007"|1832|372|0
"1008"|2452|1511|1
"1009"|1571|1962|0
"1010"|794|68|1
"1011"|356|969|0
"1012"|1940|995|0
"1013"|1184|25|1
"1014"|992|1371|0
"1015"|1248|138|0
"1016"|1324|793|0
"1017"|1268|2227|0
"1018"|1100|2153|1
"1019"|385|307|0
"1020"|2259|67|1
"1021"|1990|2|0
"1022"|1559|219|0
"1023"|2425|1520|0
"1024"|1489|1965|0
"1025"|1895|262|0
"1026"|2313|1471|0
"1027"|1172|738|0
"1028"|2497|1307|0
"1029"|1770|1772|0
"1030"|2178|1490|0
"1031"|63|1271|1
"1032"|1369|512|0
"1033"|1531|1719|0
"1034"|690|1667|0
"1035"|416|343|0
"1036"|2271|1785|0
"1037"|1188|1787|0
"1038"|1086|917|1
"1039"|308|297|1
"1040"|661|299|0
"1041"|356|1052|1
"1042"|765|1159|0
"1043"|2209|778|0
"1044"|508|1675|0
"1045"|2297|829|1
"1046"|1496|1829|1
"1047"|1041|336|0
"1048"|405|1889|0
"1049"|1540|687|0
"1050"|1977|1906|0
"1051"|2369|1945|0
"1052"|1384|1669|0
"1053"|1307|1292|0
"1054"|1552|2075|1
"1055"|1693|1149|0
"1056"|287|1035|0
"1057"|100|1035|0
"1058"|1467|1392|0
"1059"|1390|889|0
"1060"|1118|1205|1
"1061"|783|1307|0
"1062"|958|649|0
"1063"|1118|2261|0
"1064"|2138|1041|0
"1065"|1674|1089|0
"1066"|1753|2019|0
"1067"|2462|1235|0
"1068"|2495|1353|0
"1069"|2224|2010|0
"1070"|2559|56|0
"1071"|2486|171|1
"1072"|539|245|0
"1073"|229|4|0
"1074"|1043|1951|1
"1075"|1398|193|0
"1076"|2369|685|0
"1077"|2326|1511|0
"1078"|171|1921|0
"1079"|815|493|0
"1080"|2573|1847|1
"1081"|2232|1205|0
"1082"|1706|1699|0
"1083"|69|384|0
"1084"|2477|1772|0
"1085"|829|293|0
"1086"|1842|1293|1
"1087"|840|691|0
"1088"|1273|190|0
"1089"|1504|26|0
"1090"|287|4|0
"1091"|2254|451|0
"1092"|289|1048|0
"1093"|1583|780|0
"1094"|1360|754|0
"1095"|2345|2022|0
"1096"|783|1317|0
"1097"|1163|464|0
"1098"|1261|2019|0
"1099"|507|932|1
"1100"|118|1534|0
"1101"|2563|402|0
"1102"|629|2177|0
"1103"|78|1233|0
"1104"|1304|1630|0
"1105"|2296|4|0
"1106"|506|1378|1
"1107"|2438|1602|1
"1108"|1993|510|0
"1109"|1489|889|0
"1110"|1475|82|0
"1111"|1138|1777|0
"1112"|1365|998|0
"1113"|2208|2248|0
"1114"|1195|917|0
"1115"|841|1517|1
"1116"|519|1896|0
"1117"|488|2062|1
"1118"|1481|1376|0
"1119"|1340|1326|0
"1120"|806|1647|0
"1121"|470|1225|0
"1122"|1016|1631|0
"1123"|2192|463|0
"1124"|1530|306|1
"1125"|2005|1519|0
"1126"|645|237|0
"1127"|2511|2081|0
"1128"|265|1661|1
"1129"|2552|240|0
"1130"|1278|688|1
"1131"|1168|1985|0
"1132"|1469|1873|0
"1133"|561|62|0
"1134"|1950|1131|0
"1135"|1764|1429|1
"1136"|2570|1259|0
"1137"|130|763|1
"1138"|1481|1898|0
"1139"|705|512|0
"1140"|2422|98|0
"1141"|179|1909|0
"1142"|1039|568|1
"1143"|1686|2117|0
"1144"|2347|1230|0
"1145"|1346|1675|0
"1146"|387|526|0
"1147"|1061|56|0
"1148"|2375|1474|0
"1149"|2048|944|0
"1150"|2572|1661|0
"1151"|1347|1276|0
"1152"|2540|2197|0
"1153"|1013|1722|0
"1154"|538|328|0
"1155"|1879|535|1
"1156"|973|225|0
"1157"|2057|1414|0
"1158"|190|1884|0
"1159"|2286|1359|1
"1160"|1967|1542|0
"1161"|1022|342|0
"1162"|1020|1583|0
"1163"|2252|1247|1
"1164"|2318|1407|0
"1165"|1907|883|0
"1166"|20|238|0
"1167"|2232|582|0
"1168"|1304|1205|0
"1169"|2209|1600|0
"1170"|843|314|0
"1171"|685|1876|1
"1172"|933|759|0
"1173"|2443|444|0
"1174"|2010|2123|0
"1175"|304|649|0
"1176"|2108|87|0
"1177"|366|817|0
"1178"|987|1866|0
"1179"|2561|262|0
"1180"|267|1761|0
"1181"|2188|768|1
"1182"|450|176|0
"1183"|864|1347|0
"1184"|838|1622|0
"1185"|946|1075|0
"1186"|2503|2207|0
"1187"|592|1164|0
"1188"|191|183|1
"1189"|944|1784|0
"1190"|2131|1205|0
"1191"|1147|819|1
"1192"|2036|1921|0
"1193"|1119|755|0
"1194"|526|1954|0
"1195"|206|1472|0
"1196"|2317|548|0
"1197"|1428|1771|0
"1198"|1878|185|0
"1199"|168|757|0
"1200"|965|1861|1
"1201"|1403|567|1
"1202"|507|2173|0
"1203"|1729|1455|0
"1204"|420|1758|0
"1205"|2302|346|1
"1206"|1610|240|0
"1207"|2588|1959|0
"1208"|372|113|0
"1209"|2252|1399|0
"1210"|526|139|0
"1211"|1410|1210|1
"1212"|1169|1855|0
"1213"|1278|243|0
"1214"|2399|2117|0
"1215"|309|569|0
"1216"|1546|1194|0
"1217"|2562|1462|0
"1218"|2249|984|0
"1219"|2158|1518|1
"1220"|1815|1787|0
"1221"|667|7|0
"1222"|287|1650|0
"1223"|1901|1521|0
"1224"|485|2114|0
"1225"|1538|1768|0
"1226"|1675|1687|0
"1227"|1010|1890|1
"1228"|2354|704|1
"1229"|2392|4|0
"1230"|1261|1522|0
"1231"|973|1511|0
"1232"|158|293|0
"1233"|2473|1896|0
"1234"|1775|870|1
"1235"|873|448|0
"1236"|1494|499|0
"1237"|940|1201|1
"1238"|868|2029|1
"1239"|833|1488|0
"1240"|404|1641|1
"1241"|1836|17|0
"1242"|2421|373|1
"1243"|690|2019|0
"1244"|1722|1599|0
"1245"|2371|1239|0
"1246"|2553|1023|1
"1247"|1304|2239|0
"1248"|459|378|0
"1249"|158|314|0
"1250"|1201|1872|0
"1251"|1542|2047|0
"1252"|1082|578|0
"1253"|1542|1799|0
"1254"|1753|588|0
"1255"|335|1863|0
"1256"|183|1676|0
"1257"|1020|1704|0
"1258"|156|2210|0
"1259"|2570|1162|0
"1260"|12|379|0
"1261"|1553|445|0
"1262"|327|4|0
"1263"|2440|1126|1
"1264"|2123|109|0
"1265"|2602|1565|1
"1266"|1011|407|0
"1267"|970|176|0
"1268"|1899|512|0
"1269"|2154|1441|0
"1270"|2581|1794|0
"1271"|2067|499|0
"1272"|1745|287|0
"1273"|872|857|0
"1274"|1116|1419|0
"1275"|1651|207|0
"1276"|2407|93|0
"1277"|90|2262|1
"1278"|1556|2214|1
"1279"|2283|1688|1
"1280"|2232|848|0
"1281"|291|1758|0
"1282"|1890|246|0
"1283"|156|655|0
"1284"|1165|1911|1
"1285"|1871|402|1
"1286"|1799|1125|0
"1287"|2183|1572|0
"1288"|2091|229|0
"1289"|1538|949|0
"1290"|1028|432|0
"1291"|2147|1864|1
"1292"|674|1183|0
"1293"|907|547|0
"1294"|36|879|0
"1295"|1512|1282|1
"1296"|36|706|0
"1297"|1489|1342|0
"1298"|1791|506|0
"1299"|690|2240|0
"1300"|2086|178|0
"1301"|2384|413|0
"1302"|953|1912|0
"1303"|1576|894|0
"1304"|2183|1915|0
"1305"|890|1065|0
"1306"|1970|1080|1
"1307"|18|1719|0
"1308"|1292|2243|0
"1309"|1412|1793|1
"1310"|1914|226|0
"1311"|2178|1213|0
"1312"|2179|791|0
"1313"|2233|1475|0
"1314"|2444|1224|0
"1315"|787|1719|0
"1316"|2266|345|0
"1317"|598|913|0
"1318"|1496|931|0
"1319"|1440|1031|1
"1320"|1196|956|0
"1321"|316|1413|0
"1322"|1501|2054|0
"1323"|891|20|0
"1324"|1034|1371|1
"1325"|2039|681|1
"1326"|2595|945|0
"1327"|843|850|1
"1328"|1639|927|1
"1329"|2148|547|0
"1330"|1901|1146|0
"1331"|1985|777|0
"1332"|1475|1295|0
"1333"|2033|1090|1
"1334"|578|1738|0
"1335"|816|530|0
"1336"|2008|1122|0
"1337"|230|192|1
"1338"|525|1898|0
"1339"|227|686|1
"1340"|332|1068|0
"1341"|2470|2290|0
"1342"|1689|372|0
"1343"|2195|1932|1
"1344"|874|1654|1
"1345"|1481|1038|0
"1346"|843|1185|0
"1347"|51|2200|1
"1348"|2246|1471|0
"1349"|137|400|0
"1350"|57|565|0
"1351"|49|886|0
"1352"|2148|927|0
"1353"|440|2|1
"1354"|1395|1477|0
"1355"|1706|232|0
"1356"|1572|535|0
"1357"|130|756|1
"1358"|644|1912|0
"1359"|326|294|1
"1360"|292|208|0
"1361"|2603|460|0
"1362"|319|786|0
"1363"|2248|1681|0
"1364"|2123|1869|0
"1365"|1290|1557|0
"1366"|1107|1884|0
"1367"|1541|255|0
"1368"|640|1455|0
"1369"|2402|1675|0
"1370"|215|1074|0
"1371"|645|1130|0
"1372"|1510|1471|0
"1373"|957|2184|0
"1374"|135|1162|0
"1375"|1329|1872|1
"1376"|656|1751|0
"1377"|815|1506|0
"1378"|1817|1787|0
"1379"|816|516|0
"1380"|1753|1560|0
"1381"|2108|1560|0
"1382"|2511|585|0
"1383"|2522|1770|0
"1384"|229|1511|0
"1385"|190|1743|1
"1386"|367|1410|1
"1387"|1512|646|0
"1388"|749|388|0
"1389"|1369|744|0
"1390"|1510|1042|0
"1391"|1741|1960|0
"1392"|334|1333|1
"1393"|2571|1114|0
"1394"|2026|2006|0
"1395"|2277|1023|0
"1396"|2178|1873|1
"1397"|1215|1771|0
"1398"|1646|1787|0
"1399"|977|117|0
"1400"|356|2269|0
"1401"|1352|767|1
"1402"|356|1939|0
"1403"|946|1393|0
"1404"|776|2076|1
"1405"|747|1313|0
"1406"|2392|1479|0
"1407"|690|1881|0
"1408"|2246|1771|0
"1409"|976|889|0
"1410"|7|591|0
"1411"|1010|1823|0
"1412"|556|711|1
"1413"|1763|1499|1
"1414"|1116|591|0
"1415"|1850|2225|1
"1416"|321|1870|0
"1417"|1052|1693|1
"1418"|2058|1399|1
"1419"|942|599|0
"1420"|2308|1186|0
"1421"|642|452|1
"1422"|2199|1794|0
"1423"|633|646|0
"1424"|2008|304|0
"1425"|1054|1174|1
"1426"|373|1976|0
"1427"|1287|1108|0
"1428"|1993|1455|0
"1429"|1507|1992|0
"1430"|162|1490|0
"1431"|799|1445|0
"1432"|2003|1915|0
"1433"|1336|695|0
"1434"|2464|269|1
"1435"|742|990|0
"1436"|1557|711|0
"1437"|1934|1841|0
"1438"|949|1719|0
"1439"|16|75|0
"1440"|2296|400|0
"1441"|2294|1850|0
"1442"|471|2290|0
"1443"|1261|1146|0
"1444"|799|1274|0
"1445"|71|1057|0
"1446"|799|1918|0
"1447"|1989|2001|0
"1448"|2183|4|0
"1449"|82|1800|0
"1450"|1163|1758|0
"1451"|1696|380|1
"1452"|1542|1748|0
"1453"|2019|482|0
"1454"|1832|501|0
"1455"|2409|1814|0
"1456"|1064|315|1
"1457"|2244|2234|1
"1458"|146|1771|0
"1459"|1883|715|1
"1460"|2382|1078|1
"1461"|523|342|0
"1462"|1361|1279|0
"1463"|2358|497|0
"1464"|270|1601|0
"1465"|829|809|0
"1466"|946|670|0
"1467"|402|2144|0
"1468"|847|49|0
"1469"|947|2236|1
"1470"|1771|1998|0
"1471"|1428|1828|0
"1472"|2046|1663|0
"1473"|103|473|0
"1474"|640|1030|0
"1475"|1715|959|1
"1476"|1060|968|0
"1477"|37|775|0
"1478"|1751|1663|0
"1479"|1415|1600|0
"1480"|420|1067|0
"1481"|2318|301|0
"1482"|764|237|1
"1483"|1934|1162|0
"1484"|2095|1962|1
"1485"|1308|1649|0
"1486"|2336|2267|0
"1487"|1763|1664|0
"1488"|26|372|0
"1489"|1268|1521|0
"1490"|141|1195|0
"1491"|1117|1191|0
"1492"|1645|334|0
"1493"|2175|1967|0
"1494"|1651|782|0
"1495"|78|1872|0
"1496"|748|622|0
"1497"|727|1954|0
"1498"|393|152|0
"1499"|158|1427|0
"1500"|179|1416|0
"1501"|1308|2075|0
"1502"|1|1250|0
"1503"|994|279|0
"1504"|2148|650|0
"1505"|1050|879|0
"1506"|1108|2240|0
"1507"|2546|1906|0
"1508"|1738|1527|0
"1509"|2221|1965|1
"1510"|612|104|0
"1511"|490|927|0
"1512"|1143|2146|1
"1513"|2302|1945|0
"1514"|2566|1613|0
"1515"|545|1600|0
"1516"|1304|582|0
"1517"|1135|906|1
"1518"|1020|899|0
"1519"|287|1182|0
"1520"|1770|2152|0
"1521"|2166|1846|0
"1522"|1276|1906|0
"1523"|731|220|0
"1524"|372|320|0
"1525"|490|924|0
"1526"|895|306|0
"1527"|668|590|0
"1528"|2508|599|0
"1529"|1673|1075|0
"1530"|833|2001|0
"1531"|1316|462|0
"1532"|132|1660|1
"1533"|2496|342|0
"1534"|783|225|0
"1535"|542|1182|0
"1536"|932|476|0
"1537"|955|418|0
"1538"|57|229|0
"1539"|537|1349|1
"1540"|2494|1254|0
"1541"|1327|540|1
"1542"|2162|304|0
"1543"|2224|1233|0
"1544"|1986|1896|0
"1545"|2220|26|0
"1546"|986|1151|0
"1547"|653|927|1
"1548"|2022|2104|0
"1549"|1646|87|0
"1550"|12|373|0
"1551"|1671|1704|0
"1552"|1098|1463|0
"1553"|341|581|0
"1554"|78|578|0
"1555"|1291|1047|0
"1556"|718|783|0
"1557"|1406|1613|0
"1558"|1624|488|1
"1559"|1643|859|0
"1560"|732|995|1
"1561"|2346|1408|0
"1562"|2091|1605|0
"1563"|620|339|1
"1564"|1885|1199|0
"1565"|1769|1693|0
"1566"|1553|1410|0
"1567"|2494|658|0
"1568"|1717|110|1
"1569"|597|1146|1
"1570"|1403|344|0
"1571"|2281|955|0
"1572"|574|514|1
"1573"|2359|501|0
"1574"|272|314|0
"1575"|1644|345|0
"1576"|1043|1108|0
"1577"|633|2061|0
"1578"|2498|1543|1
"1579"|973|576|0
"1580"|1860|318|0
"1581"|786|722|0
"1582"|1092|462|0
"1583"|633|647|1
"1584"|863|2009|0
"1585"|738|1640|0
"1586"|2020|391|0
"1587"|577|1044|0
"1588"|36|2107|0
"1589"|24|2146|0
"1590"|2575|1939|0
"1591"|43|672|1
"1592"|2373|1389|1
"1593"|2392|591|0
"1594"|1471|1179|0
"1595"|2150|676|0
"1596"|1215|1812|0
"1597"|2402|2019|0
"1598"|1050|569|0
"1599"|1385|1749|0
"1600"|734|1774|0
"1601"|778|1799|0
"1602"|604|422|1
"1603"|2252|99|0
"1604"|2494|346|0
"1605"|225|1659|0
"1606"|2523|1040|0
"1607"|2486|2010|0
"1608"|1414|58|1
"1609"|2261|1989|0
"1610"|378|218|0
"1611"|2595|1981|0
"1612"|2175|1345|0
"1613"|2305|1279|1
"1614"|10|2289|1
"1615"|1489|2191|0
"1616"|1566|372|0
"1617"|137|1455|0
"1618"|834|2188|0
"1619"|1906|1395|1
"1620"|644|218|0
"1621"|9|2110|0
"1622"|2474|1566|0
"1623"|797|588|0
"1624"|1103|238|0
"1625"|1011|1846|0
"1626"|768|1958|0
"1627"|1175|355|1
"1628"|743|51|0
"1629"|833|950|0
"1630"|952|585|0
"1631"|1385|825|0
"1632"|378|1761|0
"1633"|917|1922|0
"1634"|2296|1872|0
"1635"|630|1026|0
"1636"|1583|1870|0
"1637"|1361|1038|0
"1638"|977|1123|0
"1639"|1854|2104|0
"1640"|385|1164|0
"1641"|20|1848|0
"1642"|2389|150|0
"1643"|1685|1675|0
"1644"|1418|1720|1
"1645"|303|1137|1
"1646"|218|1036|1
"1647"|667|1604|0
"1648"|2452|580|0
"1649"|1631|201|0
"1650"|1564|2019|0
"1651"|1774|891|1
"1652"|1744|308|1
"1653"|55|1712|0
"1654"|910|1116|0
"1655"|1069|664|0
"1656"|2304|123|1
"1657"|1377|458|0
"1658"|2422|1147|0
"1659"|656|1912|0
"1660"|1080|229|0
"1661"|610|221|0
"1662"|926|410|0
"1663"|972|379|0
"1664"|1624|1898|0
"1665"|135|863|0
"1666"|1459|346|0
"1667"|1986|1601|0
"1668"|1469|655|0
"1669"|343|473|0
"1670"|1015|913|0
"1671"|1475|1416|1
"1672"|1477|558|0
"1673"|2410|1550|0
"1674"|833|177|0
"1675"|32|314|0
"1676"|1669|580|0
"1677"|1425|481|0
"1678"|2583|744|0
"1679"|770|1745|0
"1680"|2224|1667|0
"1681"|2035|1737|0
"1682"|1940|886|0
"1683"|671|1216|0
"1684"|1682|173|0
"1685"|337|732|1
"1686"|1743|50|1
"1687"|1259|1640|0
"1688"|1564|358|0
"1689"|1395|976|0
"1690"|2118|1186|0
"1691"|1729|1703|0
"1692"|1353|1600|0
"1693"|1444|1526|0
"1694"|2358|1462|0
"1695"|1279|1884|0
"1696"|2248|304|0
"1697"|306|1758|0
"1698"|658|638|0
"1699"|1951|1521|0
"1700"|2526|1439|1
"1701"|2012|375|1
"1702"|11|1866|0
"1703"|1560|2003|0
"1704"|507|2040|0
"1705"|1103|912|0
"1706"|1499|1601|0
"1707"|1087|166|1
"1708"|135|1297|0
"1709"|2508|619|0
"1710"|1261|1854|0
"1711"|320|276|0
"1712"|316|706|0
"1713"|1217|400|0
"1714"|1079|1958|0
"1715"|2359|1896|0
"1716"|444|1146|0
"1717"|2092|2040|0
"1718"|158|1836|0
"1719"|1859|807|1
"1720"|2005|1990|0
"1721"|312|1649|0
"1722"|2457|1808|0
"1723"|2613|445|0
"1724"|2470|1178|0
"1725"|1400|1915|0
"1726"|1361|902|0
"1727"|911|1709|1
"1728"|476|1650|0
"1729"|2546|82|0
"1730"|2145|935|1
"1731"|385|204|0
"1732"|1941|1773|0
"1733"|2296|1194|0
"1734"|715|2109|0
"1735"|472|649|0
"1736"|3|777|0
"1737"|2578|1620|0
"1738"|425|1187|1
"1739"|2371|533|0
"1740"|1912|1866|0
"1741"|147|1159|0
"1742"|897|2250|0
"1743"|256|1612|0
"1744"|39|1999|0
"1745"|2518|1650|0
"1746"|332|1643|1
"1747"|252|971|1
"1748"|2296|77|0
"1749"|2108|1850|0
"1750"|2296|576|0
"1751"|470|1873|0
"1752"|1381|923|1
"1753"|737|173|0
"1754"|957|342|0
"1755"|843|1427|0
"1756"|1643|1388|1
"1757"|808|2290|0
"1758"|2195|1155|0
"1759"|1857|1855|0
"1760"|1766|1164|0
"1761"|416|917|0
"1762"|1074|846|0
"1763"|1801|1270|0
"1764"|2387|191|1
"1765"|245|1976|0
"1766"|934|551|0
"1767"|365|1945|0
"1768"|2118|1144|1
"1769"|1468|1234|0
"1770"|1704|2128|0
"1771"|1459|2276|0
"1772"|773|2291|0
"1773"|715|316|0
"1774"|146|1471|0
"1775"|1782|470|0
"1776"|1816|1972|0
"1777"|2470|343|1
"1778"|1119|998|0
"1779"|889|220|0
"1780"|679|1655|1
"1781"|1950|441|0
"1782"|9|1885|1
"1783"|156|1601|0
"1784"|542|591|0
"1785"|398|1866|0
"1786"|1075|1299|0
"1787"|1129|77|0
"1788"|2131|1419|0
"1789"|809|137|1
"1790"|609|1600|0
"1791"|1411|2191|0
"1792"|46|592|1
"1793"|561|1649|0
"1794"|482|2114|1
"1795"|1293|852|0
"1796"|2013|1506|0
"1797"|440|1998|0
"1798"|1138|964|0
"1799"|1542|1912|1
"1800"|105|2078|0
"1801"|1093|342|0
"1802"|744|1768|0
"1803"|1398|1996|1
"1804"|1452|513|0
"1805"|2224|1898|0
"1806"|2108|1884|1
"1807"|2495|1217|0
"1808"|1055|1981|0
"1809"|1450|1898|0
"1810"|1119|589|0
"1811"|289|488|0
"1812"|1548|2024|0
"1813"|306|1123|0
"1814"|1290|780|0
"1815"|341|1854|0
"1816"|1689|1600|0
"1817"|2603|1795|0
"1818"|1771|1026|0
"1819"|1982|1389|0
"1820"|1299|2057|1
"1821"|1215|1791|0
"1822"|2246|328|0
"1823"|1524|342|0
"1824"|2209|1512|0
"1825"|563|1374|0
"1826"|699|2111|0
"1827"|489|1928|1
"1828"|731|809|0
"1829"|944|430|0
"1830"|1507|986|0
"1831"|1001|139|0
"1832"|2302|2239|0
"1833"|26|1114|0
"1834"|414|1567|1
"1835"|593|802|0
"1836"|1538|220|0
"1837"|1138|1924|0
"1838"|1359|1787|0
"1839"|1981|53|0
"1840"|1033|919|1
"1841"|1753|1511|0
"1842"|2546|1075|0
"1843"|2073|2284|1
"1844"|2232|2239|0
"1845"|38|2090|1
"1846"|1704|663|0
"1847"|931|516|0
"1848"|1304|1983|0
"1849"|1844|605|1
"1850"|973|1419|0
"1851"|575|551|0
"1852"|1080|323|0
"1853"|2470|534|0
"1854"|405|596|0
"1855"|592|1878|1
"1856"|2296|1340|0
"1857"|1718|1617|0
"1858"|818|1812|0
"1859"|2520|1128|0
"1860"|1910|771|0
"1861"|2589|1640|0
"1862"|1481|1577|0
"1863"|1799|1205|0
"1864"|1004|917|0
"1865"|1471|1761|0
"1866"|1241|1909|0
"1867"|900|1131|1
"1868"|245|346|0
"1869"|815|307|0
"1870"|2430|451|0
"1871"|690|1715|0
"1872"|2603|378|0
"1873"|773|863|0
"1874"|2477|1689|0
"1875"|2583|904|0
"1876"|674|1030|0
"1877"|2333|704|0
"1878"|2410|797|0
"1879"|1610|1649|0
"1880"|1631|139|0
"1881"|1799|894|0
"1882"|1|1093|1
"1883"|1274|108|0
"1884"|1251|1340|0
"1885"|1533|860|0
"1886"|968|546|0
"1887"|425|477|0
"1888"|1385|1521|0
"1889"|1685|822|0
"1890"|1980|1749|1
"1891"|290|468|0
"1892"|368|1451|0
"1893"|525|2010|0
"1894"|2231|688|0
"1895"|23|1169|0
"1896"|45|719|0
"1897"|1118|218|0
"1898"|229|225|0
"1899"|539|1345|0
"1900"|808|1239|0
"1901"|30|18|1
"1902"|1643|1375|0
"1903"|1025|1288|1
"1904"|988|220|0
"1905"|427|135|0
"1906"|1038|1568|0
"1907"|1540|1408|1
"1908"|0|117|1
"1909"|2411|1436|0
"1910"|385|1718|0
"1911"|823|576|0
"1912"|419|957|0
"1913"|1799|1761|0
"1914"|2231|62|0
"1915"|1812|1401|0
"1916"|851|54|0
"1917"|1400|1715|0
"1918"|1385|855|0
"1919"|2136|1356|0
"1920"|1676|245|0
"1921"|1365|1459|0
"1922"|2013|493|0
"1923"|960|1098|1
"1924"|2281|2175|0
"1925"|931|2064|0
"1926"|2325|342|0
"1927"|2392|1761|0
"1928"|921|1831|0
"1929"|1154|444|0
"1930"|668|1933|0
"1931"|158|1837|0
"1932"|1037|1466|0
"1933"|2234|2168|1
"1934"|1533|1965|0
"1935"|368|2175|0
"1936"|214|917|0
"1937"|2067|459|0
"1938"|175|256|0
"1939"|987|262|0
"1940"|2530|1761|0
"1941"|958|547|0
"1942"|818|215|0
"1943"|1448|688|0
"1944"|229|580|0
"1945"|1910|1768|0
"1946"|1045|131|1
"1947"|1624|1055|0
"1948"|885|1150|0
"1949"|2530|1706|0
"1950"|728|44|1
"1951"|491|1996|0
"1952"|2432|805|1
"1953"|2296|990|0
"1954"|1967|368|0
"1955"|162|171|0
"1956"|1098|811|0
"1957"|1958|283|1
"1958"|844|1185|0
"1959"|972|998|0
"1960"|2488|855|0
"1961"|1123|1949|1
"1962"|393|1866|0
"1963"|1598|810|0
"1964"|1316|989|1
"1965"|1126|1455|0
"1966"|2005|1382|1
"1967"|973|1939|0
"1968"|1295|1206|1
"1969"|9|1630|0
"1970"|973|1307|0
"1971"|2056|2209|1
"1972"|2404|1675|0
"1973"|1664|759|0
"1974"|837|1584|1
"1975"|167|1670|1
"1976"|734|465|0
"1977"|2583|599|1
"1978"|548|3|0
"1979"|1139|1772|0
"1980"|1051|1223|0
"1981"|713|199|0
"1982"|1836|670|0
"1983"|2296|0|0
"1984"|1914|547|0
"1985"|57|323|0
"1986"|171|964|0
"1987"|2488|1754|0
"1988"|690|1350|0
"1989"|1788|685|0
"1990"|2540|1486|0
"1991"|1496|998|0
"1992"|1061|278|0
"1993"|1406|1825|0
"1994"|58|147|1
"1995"|2517|1640|0
"1996"|1085|892|1
"1997"|1099|1937|0
"1998"|1174|442|0
"1999"|2081|1534|0
"2000"|2562|963|0
"2001"|829|949|0
"2002"|1481|1872|0
"2003"|2374|234|1
"2004"|822|1|0
"2005"|2141|1095|0
"2006"|1170|2195|0
"2007"|812|1504|0
"2008"|1576|589|0
"2009"|11|1758|0
"2010"|515|1075|1
"2011"|288|1065|0
"2012"|219|917|0
"2013"|420|1194|0
"2014"|964|1594|0
"2015"|799|1067|0
"2016"|1467|1084|1
"2017"|1021|1534|1
"2018"|778|1754|0
"2019"|2090|289|1
"2020"|158|1044|1
"2021"|1365|1225|0
"2022"|2088|1182|0
"2023"|2131|1915|0
"2024"|397|1564|0
"2025"|2313|778|0
"2026"|2200|946|1
"2027"|1986|654|0
"2028"|2267|955|0
"2029"|1481|1885|0
"2030"|447|342|0
"2031"|2421|2|0
"2032"|2488|48|1
"2033"|2404|506|0
"2034"|1489|2063|0
"2035"|2267|1395|0
"2036"|692|225|0
"2037"|36|894|0
"2038"|953|1413|0
"2039"|808|2101|0
"2040"|155|659|1
"2041"|857|1031|0
"2042"|246|1497|1
"2043"|119|220|0
"2044"|328|49|0
"2045"|130|595|0
"2046"|1339|569|0
"2047"|2037|759|0
"2048"|678|1629|1
"2049"|1531|1266|0
"2050"|1199|359|1
"2051"|1599|1248|0
"2052"|459|1459|1
"2053"|557|2073|0
"2054"|866|2234|0
"2055"|1118|1787|0
"2056"|829|586|0
"2057"|2562|497|1
"2058"|1116|1534|0
"2059"|2486|1233|0
"2060"|206|400|0
"2061"|1478|1457|1
"2062"|2119|1032|1
"2063"|18|2201|0
"2064"|2119|1912|0
"2065"|2131|591|0
"2066"|1567|2044|0
"2067"|1664|2211|0
"2068"|476|346|0
"2069"|1336|1879|0
"2070"|1940|579|0
"2071"|2393|2245|0
"2072"|1020|320|0
"2073"|932|287|0
"2074"|144|1527|0
"2075"|792|1222|0
"2076"|1739|1235|0
"2077"|269|1708|0
"2078"|61|1782|0
"2079"|2508|512|0
"2080"|1024|1938|0
"2081"|734|1601|0
"2082"|2364|949|0
"2083"|1169|1442|0
"2084"|501|2207|0
"2085"|924|1863|0
"2086"|1663|2097|0
"2087"|2272|1542|0
"2088"|2292|1131|0
"2089"|2418|1240|1
"2090"|245|1526|0
"2091"|2434|1721|1
"2092"|2369|1827|0
"2093"|595|535|0
"2094"|183|581|0
"2095"|1895|1350|1
"2096"|665|2264|1
"2097"|2162|1600|0
"2098"|1650|300|0
"2099"|973|1675|0
"2100"|1885|1863|0
"2101"|2500|1091|0
"2102"|2464|490|0
"2103"|603|2072|1
"2104"|369|1693|0
"2105"|963|1669|0
"2106"|671|2184|0
"2107"|1841|1233|0
"2108"|2125|2107|0
"2109"|758|137|1
"2110"|783|591|0
"2111"|1902|2231|1
"2112"|504|871|1
"2113"|2479|1285|1
"2114"|2048|177|0
"2115"|2381|778|0
"2116"|2149|2104|0
"2117"|1889|996|1
"2118"|1564|2113|0
"2119"|2273|1981|0
"2120"|2328|1303|1
"2121"|1015|480|0
"2122"|1128|344|0
"2123"|2613|1088|0
"2124"|2217|1628|1
"2125"|1576|1912|0
"2126"|644|2259|0
"2127"|7|1885|0
"2128"|2450|1401|0
"2129"|1383|394|1
"2130"|450|458|1
"2131"|470|372|0
"2132"|954|884|1
"2133"|1985|1463|0
"2134"|2493|787|1
"2135"|448|1873|0
"2136"|2290|229|0
"2137"|2128|207|0
"2138"|1491|1912|0
"2139"|2305|407|0
"2140"|1788|2173|0
"2141"|918|434|0
"2142"|2162|372|0
"2143"|2178|378|0
"2144"|496|1837|0
"2145"|698|1745|1
"2146"|2129|1511|0
"2147"|2554|1121|1
"2148"|667|1583|0
"2149"|1997|1066|1
"2150"|1369|2202|1
"2151"|1848|2124|0
"2152"|440|1489|0
"2153"|959|1306|0
"2154"|2503|328|0
"2155"|343|1001|0
"2156"|1188|2024|1
"2157"|2452|839|0
"2158"|718|2106|0
"2159"|1283|1046|0
"2160"|1531|104|0
"2161"|843|1837|0
"2162"|1480|1992|0
"2163"|1034|1287|0
"2164"|919|1929|0
"2165"|1717|1802|0
"2166"|1428|1108|0
"2167"|1713|270|0
"2168"|744|1127|0
"2169"|2270|2155|0
"2170"|2188|828|0
"2171"|1932|761|1
"2172"|1815|848|1
"2173"|538|1471|0
"2174"|462|307|0
"2175"|2091|899|0
"2176"|2503|1519|0
"2177"|448|1896|0
"2178"|1201|1898|0
"2179"|2517|1867|0
"2180"|420|1862|0
"2181"|1276|544|0
"2182"|1341|2199|1
"2183"|2313|1002|0
"2184"|211|1187|0
"2185"|21|441|0
"2186"|462|317|1
"2187"|314|903|0
"2188"|283|952|0
"2189"|1058|43|1
"2190"|1139|1604|0
"2191"|753|1229|1
"2192"|1807|1453|1
"2193"|1393|1956|1
"2194"|1099|1666|1
"2195"|2477|7|0
"2196"|2119|1915|0
"2197"|1268|1|0
"2198"|2291|1249|0
"2199"|815|1145|1
"2200"|7|1179|1
"2201"|120|1521|0
"2202"|2|539|0
"2203"|393|1284|0
"2204"|394|873|0
"2205"|1187|569|0
"2206"|1963|901|1
"2207"|742|1758|0
"2208"|485|148|0
"2209"|2408|1007|1
"2210"|2570|971|0
"2211"|497|2017|0
"2212"|1010|1904|0
"2213"|234|1951|0
"2214"|1117|1274|0
"2215"|1252|1857|1
"2216"|1321|1862|0
"2217"|2118|1991|0
"2218"|564|897|1
"2219"|808|1272|0
"2220"|808|1216|0
"2221"|1664|1442|0
"2222"|1979|1898|0
"2223"|159|462|0
"2224"|1304|1915|0
"2225"|907|334|0
"2226"|1752|1050|0
"2227"|2464|1399|0
"2228"|2542|1212|1
"2229"|501|1802|0
"2230"|710|1762|0
"2231"|2473|480|0
"2232"|2536|1847|0
"2233"|744|1462|0
"2234"|2302|1976|0
"2235"|1228|1401|0
"2236"|1788|777|0
"2237"|1857|1878|0
"2238"|341|1884|0
"2239"|449|1112|0
"2240"|2008|346|0
"2241"|159|989|0
"2242"|731|1979|0
"2243"|1418|1587|0
"2244"|706|2174|0
"2245"|1788|932|0
"2246"|2263|1140|1
"2247"|2070|1773|0
"2248"|427|1699|0
"2249"|1501|1374|0
"2250"|1126|1144|0
"2251"|1169|782|0
"2252"|1975|1506|0
"2253"|1496|372|0
"2254"|623|2192|0
"2255"|2386|1548|1
"2256"|1105|1900|1
"2257"|1788|1912|0
"2258"|921|246|0
"2259"|2359|544|0
"2260"|2238|1502|1
"2261"|2173|1889|1
"2262"|1887|548|0
"2263"|132|1016|0
"2264"|1517|1748|0
"2265"|2508|745|0
"2266"|2162|1829|0
"2267"|630|1130|0
"2268"|94|212|0
"2269"|692|2243|0
"2270"|2296|1667|0
"2271"|290|295|0
"2272"|2495|1958|0
"2273"|577|698|0
"2274"|2292|810|0
"2275"|609|1250|0
"2276"|1365|2210|0
"2277"|1170|414|0
"2278"|2302|225|0
"2279"|2302|1609|0
"2280"|744|98|0
"2281"|314|1274|1
"2282"|1752|1376|0
"2283"|386|2124|0
"2284"|598|2210|0
"2285"|392|462|0
"2286"|1945|59|0
"2287"|2446|1301|0
"2288"|2098|590|0
"2289"|735|1843|0
"2290"|1542|1408|0
"2291"|1347|1962|0
"2292"|1496|1656|0
"2293"|198|1787|0
"2294"|879|883|0
"2295"|2201|974|0
"2296"|2219|1162|0
"2297"|435|840|1
"2298"|2595|964|0
"2299"|2098|1667|0
"2300"|35|1055|0
"2301"|386|619|1
"2302"|1481|1697|0
"2303"|2224|990|0
"2304"|317|1032|1
"2305"|22|2027|0
"2306"|2132|258|0
"2307"|2006|89|1
"2308"|349|2241|1
"2309"|1849|1232|0
"2310"|2533|655|0
"2311"|1664|1883|0
"2312"|2161|879|0
"2313"|1768|2261|0
"2314"|1835|259|0
"2315"|105|2037|1
"2316"|1050|1650|0
"2317"|1977|1904|0
"2318"|785|1329|1
"2319"|751|236|1
"2320"|1102|1494|0
"2321"|1572|303|0
"2322"|2497|1419|0
"2323"|333|1751|0
"2324"|2185|1055|0
"2325"|1808|220|0
"2326"|2206|722|0
"2327"|1233|680|0
"2328"|1321|782|0
"2329"|1283|1650|0
"2330"|1885|775|0
"2331"|341|2075|0
"2332"|2214|1553|0
"2333"|2570|1138|0
"2334"|372|1604|0
"2335"|2154|1521|0
"2336"|1821|1345|1
"2337"|1706|902|0
"2338"|1451|761|1
"2339"|627|1785|0
"2340"|437|1473|0
"2341"|561|1992|1
"2342"|1015|1702|0
"2343"|515|259|0
"2344"|1111|1518|0
"2345"|1629|1405|0
"2346"|1870|1048|0
"2347"|1989|2024|0
"2348"|549|1331|0
"2349"|142|189|1
"2350"|787|2247|0
"2351"|2444|459|0
"2352"|1834|206|0
"2353"|1325|1702|1
"2354"|2007|310|0
"2355"|2503|1789|1
"2356"|2402|171|0
"2357"|806|1027|1
"2358"|1243|881|0
"2359"|1950|1026|0
"2360"|2121|1119|0
"2361"|1274|1777|0
"2362"|384|755|0
"2363"|1582|1432|0
"2364"|1954|1323|1
"2365"|1891|54|1
"2366"|692|1142|0
"2367"|2482|387|1
"2368"|2096|2218|0
"2369"|1905|917|0
"2370"|385|207|1
"2371"|1926|1392|1
"2372"|2192|1422|1
"2373"|838|1565|0
"2374"|1854|1197|0
"2375"|1788|1179|0
"2376"|1771|2083|0
"2377"|1428|1795|0
"2378"|695|1761|0
"2379"|209|2290|0
"2380"|1559|1722|0
"2381"|579|1150|0
"2382"|2154|173|0
"2383"|1015|1763|0
"2384"|285|1889|0
"2385"|2571|1161|1
"2386"|58|1318|0
"2387"|949|274|1
"2388"|1365|1884|0
"2389"|1020|914|0
"2390"|1329|1445|0
"2391"|2518|176|0
"2392"|8|382|0
"2393"|2451|858|0
"2394"|808|2234|0
"2395"|639|1479|0
"2396"|375|1635|1
"2397"|925|1161|0
"2398"|123|1957|0
"2399"|2009|1718|0
"2400"|1901|1674|0
"2401"|2452|373|0
"2402"|183|580|1
"2403"|1829|894|0
"2404"|718|199|0
"2405"|78|1444|0
"2406"|240|1772|0
"2407"|420|2250|0
"2408"|1481|152|0
"2409"|652|1840|0
"2410"|264|315|0
"2411"|420|2240|0
"2412"|1106|1802|0
"2413"|1272|1947|0
"2414"|1946|2145|0
"2415"|1159|476|0
"2416"|839|372|0
"2417"|2386|1409|0
"2418"|19|497|0
"2419"|1921|51|0
"2420"|2192|1161|0
"2421"|17|1808|1
"2422"|2097|1599|0
"2423"|1810|1069|1
"2424"|1278|952|0
"2425"|2587|440|1
"2426"|2001|2003|0
"2427"|1029|255|0
"2428"|1434|847|0
"2429"|11|1667|0
"2430"|1415|589|0
"2431"|1852|2014|0
"2432"|1106|1586|0
"2433"|2488|476|0
"2434"|314|990|0
"2435"|977|2245|0
"2436"|1112|1138|0
"2437"|1013|76|1
"2438"|1619|113|0
"2439"|32|944|1
"2440"|1718|1868|0
"2441"|1874|1097|0
"2442"|1572|1185|0
"2443"|1304|2261|0
"2444"|2277|1342|0
"2445"|88|652|1
"2446"|1444|97|0
"2447"|2108|2253|0
"2448"|2132|1128|1
"2449"|141|782|0
"2450"|748|620|0
"2451"|927|1898|0
"2452"|382|2058|1
"2453"|1610|780|0
"2454"|2001|786|1
"2455"|2119|1787|0
"2456"|942|669|1
"2457"|2058|709|0
"2458"|1467|539|1
"2459"|2546|451|0
"2460"|2131|1122|0
"2461"|1933|990|1
"2462"|2308|2063|0
"2463"|1883|1219|0
"2464"|718|365|0
"2465"|909|1161|0
"2466"|2507|621|1
"2467"|2058|99|0
"2468"|1892|207|0
"2469"|1742|309|0
"2470"|2081|2259|0
"2471"|1400|706|0
"2472"|1771|2107|0
"2473"|1050|1046|0
